1101101111111110111. 617

μεγαλοσύνη 11, 7. 11491011 ἄνεμος 15, 1
μηναιορόγια 509, 7. σπαθηφόρος 601, 3.
μητρογαμεῖν 17199 11110116ιύ111 551, 18.
μυριόνικος 494, 11. σιαυροπόιης 591, 5.
varlar 537, 10. 0171111101 6111071111 615, 11.
ξενορρυῆς 386, 1. συμπαρυφίστασθαι 139, 6.
§wemma 485, ιι. 1111109711114111168, 11.
ξυλότρουλος 49515. 49871. cumdum 19913.
6801611101 436, 9. αννοδοπιινσέὶηνος 45, 17.
601169101496, 18. 001111140569, 14.
{ww ⁵⁶’ '³' mpuorwsggffrgg ω’ ¹'
110908101111181 11614. 145, 8. 11411010954119517, ’8. ·
παιρομηιρόμοιος 107, 7. 114141160μο1 11, 16.
πικρόφυλλοι 95,15. 1119071198811 478, 7.
11707νῶ0171 197,11.105,1. 1019048111 554, 10.
venenantur 25⁶, 1. 118711790118416107510,19,
119011πᾷ110μο m, 15. 17017401 498, 1. 506, 18.
,προπροσῶιιοιι 558, 7 61111481 506, 7.
mamam 544, 8. fimum 618, 13.
πρωτομαΐυιορος 497, 8. 6114911μο 618, 11.
1170110110πᾶ1569 ιο. 61117ομ1ος 331, 9 474, 11. ”
πρωτοσπαθάριος 583, 19. 91108411111497, 1.
11090040171111065, ι. 9818001410386, 1.
σαββατοκυρίακα 598, 11. 9061605611, 17.
00311177011641489, 14. χειροθειεῑν 461,10.
σερασιοιιράιωρ 616, 16. χριστιανοκαιὴγορος 506, 4.
0119111113 Myos 604, 19. χρυσοιρικλίνιον 585, 13.
1111084117 570,15. medem 490, 4. 510, 18.

 

