INDEX GRAMMATICUS.

m

3311988101418, 3 404, 00. 406,
13. 407, 11. 430, 8.

4813901111098071111 070, 9.

6810710101 1171501, 0. ’

8103018411901 10, 6

143381101019035, 3
9311091101 130,18. 139, 9

4111111161

3107010111111071071911507, 15.

1411131114 543, 01.

4410801710101506, 19

1410801017011 1,0, 3.

1310981917011, 1 0,1,

(4911011401465, 10.

37700171011101005, 15.

ewam 1111

801901736111603,1.

111711171701470, 7.

a 4941 01111188, 8.

13141118164111 530, 3.

7801091117 414 451511 18

7314011301 498, 1.

73164111 536, 19.

7890808410101 585, 4

7171111107 11171 043, 13 494, 5.

8313463015 5304410.

80111171 001471 515, 9.

607016170101531,15.

8710111114 3113170111 495, 15 498,

141 37313ομ15801 536, 6
3178164111 531, 6
3111010150915543, 17
41710φο1 113, 16.
309011071161 147, 3.149,11.
411189141οθ01 518, 11.

3011147140 87,
41101511111301,19.
3111χ10144111 50,

11430110 713101 8301 601, 8.
40497010186, 16.

· 4118011101 53810.

811011161499,16500,10.511, 7

81304651 ¹3¹9,-

814011 500, 3. 510, 18.
ἰδ’ 71111 508, 4.
40109761100111111501,17.
3778048771 508, 1.
1111831074,14.600,15
1138107110 496, 6. 49, 3.
1010110110490, 5.
1198107160171 005, 0.
10108030111411130, 17.
1010010371161457, 10.
011100111λοῦ1 570, 10.
1010148108111 600, 15.
1110101511, 1.
001301071111 501, 0.

04101171111498, 15. 550, 8. 566, 9

111001 1771401113 1498, 0.
037711011116170 11.
13701790901538, 8

1007117161 493, 5.
10198917101 544, 9.
1111115661

1701119519, 18. 506710. 54,

0031101376υό1 500, 01.
311170901111 88,·7·.
31110001701165, 00.

2⁸8onur8troc 564718.
71111113 111101 37418.

71111111 59519

r

 

